"(No Title)"
	"2014-11-"	"8 12:17:39"

" Result ID"	"Result Type"	"I Marker ID"	"J Marker ID"	"Result Title"
"req_internaldynamicmeasure0_element_force_mag_component"	"Variable Request"	"     (N/A)"	"     (N/A)"	"(No Comment)"

".mbsmodel0.Last_Run.req_internaldynamicmeasure0_element_force_mag_component.TIME"	".mbsmodel0.Last_Run.req_internaldynamicmeasure0_element_force_mag_component.internaldynamicmeasure0_element_force_mag_component"
0.000000e+000	5.915509e-063
1.000000e-002	5.915509e-063
2.000000e-002	5.915509e-063
3.000000e-002	5.915509e-063
4.000000e-002	5.915509e-063
5.000000e-002	5.915509e-063
6.000000e-002	5.915509e-063
7.000000e-002	5.915509e-063
8.000000e-002	5.915509e-063
9.000000e-002	5.915509e-063
1.000000e-001	5.915509e-063
1.100000e-001	5.915509e-063
1.200000e-001	5.915509e-063
1.300000e-001	5.915509e-063
1.400000e-001	3.991336e-015
1.500000e-001	3.863514e-017
1.600000e-001	4.406408e-017
1.700000e-001	1.198003e-020
1.800000e-001	1.833024e-018
1.900000e-001	3.852922e-017
2.000000e-001	1.210986e-016
2.100000e-001	2.458750e-016
2.200000e-001	4.128587e-016
2.300000e-001	6.220494e-016
2.400000e-001	8.734473e-016
2.500000e-001	1.167052e-015
2.600000e-001	1.502865e-015
2.700000e-001	1.880884e-015
2.800000e-001	2.301110e-015
2.900000e-001	3.956499e-016
3.000000e-001	6.740670e-016
3.100000e-001	9.718112e-016
3.200000e-001	1.275418e-015
3.300000e-001	1.581515e-015
3.400000e-001	1.888891e-015
3.500000e-001	2.197010e-015
3.600000e-001	2.505598e-015
3.700000e-001	2.602572e-015
3.800000e-001	1.023367e-008
3.900000e-001	1.804427e-014
4.000000e-001	2.072300e-016
4.100000e-001	1.303471e-014
4.200000e-001	2.027594e-015
4.300000e-001	2.501913e-009
4.400000e-001	6.981772e-015
4.500000e-001	3.302701e-003
4.562500e-001	6.496603e+001
4.600000e-001	1.192155e+002
4.604688e-001	6.255911e+001
4.636182e-001	1.947609e+002
4.700000e-001	9.585928e+001
4.738184e-001	1.007327e+002
4.765933e-001	2.400773e+002
4.800000e-001	1.196133e+002
4.810646e-001	2.908185e+002
4.842584e-001	5.049062e+002
4.900000e-001	7.179742e+001
4.900000e-001	7.179742e+001
5.000000e-001	8.999743e-004
5.087500e-001	5.286018e+001
5.100000e-001	1.265437e+002
5.131445e-001	7.017911e+001
5.200000e-001	8.589763e-006
5.252344e-001	1.500711e+002
5.280957e-001	6.575113e+001
5.300000e-001	2.043929e+002
5.309764e-001	4.500029e+001
5.347121e-001	3.779539e+001
5.400000e-001	6.323165e+001
5.500000e-001	6.212702e-005
5.600000e-001	1.175824e+002
5.606509e-001	1.427116e+002
5.649021e-001	1.021350e+002
5.680053e-001	1.858465e+000
5.700000e-001	3.352745e+002
5.784974e-001	7.032626e+001
5.800000e-001	6.128447e-015
5.811739e-001	1.780502e+002
5.848174e-001	6.870324e+000
5.900000e-001	5.773722e+001
5.900000e-001	5.773722e+001
5.971952e-001	1.366400e+002
6.000000e-001	9.587878e+001
6.000000e-001	9.587878e+001
6.100000e-001	9.891728e+001
6.100000e-001	9.891728e+001
6.200000e-001	1.310890e-003
6.225000e-001	6.607537e+001
6.300000e-001	1.056545e+002
6.302825e-001	4.558856e+001
6.343041e-001	1.976438e+002
6.400000e-001	9.557400e+001
6.400000e-001	9.557400e+001
6.500000e-001	9.923041e+001
6.500000e-001	9.923041e+001
6.525222e-001	2.664981e+001
6.579666e-001	7.103332e+001
6.600000e-001	1.936777e+002
6.700000e-001	4.244835e-003
6.800000e-001	1.109932e+002
6.802441e-001	1.225642e+002
6.900000e-001	1.437053e+002
6.900000e-001	1.437053e+002
7.000000e-001	6.114509e+001
7.025000e-001	1.007744e+001
7.050000e-001	1.086723e+002
7.082048e-001	1.052499e+002
7.100000e-001	1.639559e+002
7.114025e-001	3.768306e+001
7.200000e-001	9.713647e+001
7.300000e-001	9.956869e+001
7.300000e-001	9.956869e+001
7.347120e-001	7.154095e+001
7.400000e-001	2.107799e+002
7.411296e-001	4.778497e+001
7.439536e-001	1.028687e+002
7.480821e-001	1.608306e+001
7.500000e-001	3.063147e+002
7.542857e-001	1.476955e+002
7.600000e-001	9.047109e+001
7.600000e-001	9.047109e+001
7.628571e-001	2.109759e+002
7.700000e-001	1.022067e+002
7.700000e-001	1.022067e+002
7.730585e-001	1.477910e+002
7.800000e-001	4.420829e-005
7.900000e-001	3.250343e-003
8.000000e-001	8.548707e+001
8.100000e-001	1.017972e+002
8.103254e-001	4.880506e+001
8.200000e-001	7.394986e+001
8.225000e-001	7.022570e+000
8.250000e-001	1.062863e+002
8.300000e-001	9.978277e+001
8.300000e-001	9.978277e+001
8.333435e-001	3.884191e+001
8.400000e-001	9.719789e+001
8.500000e-001	9.930101e+001
8.500000e-001	9.930101e+001
8.530308e-001	6.879016e+001
8.600000e-001	3.965312e-006
8.700000e-001	4.962905e-006
8.800000e-001	1.152463e+002
8.806509e-001	1.575039e+002
8.858962e-001	7.021551e+001
8.900000e-001	2.276576e-005
8.943228e-001	1.420140e+002
8.970383e-001	4.942604e+001
9.000000e-001	9.719696e+001
9.027721e-001	9.985092e+001
9.065512e-001	2.631234e+002
9.100000e-001	8.022145e+001
9.100000e-001	8.022145e+001
9.200000e-001	1.017545e+002
9.203255e-001	4.932283e+001
9.244680e-001	6.715016e+000
9.300000e-001	7.311007e+001
9.325000e-001	7.459512e+000
9.350000e-001	1.065211e+002
9.400000e-001	9.972035e+001
9.400000e-001	9.972035e+001
9.433435e-001	2.662459e+001
9.500000e-001	9.000665e+001
9.600000e-001	1.010838e+002
9.606509e-001	1.223194e+002
9.646985e-001	3.012352e+001
9.672340e-001	1.022282e+002
9.700000e-001	1.413847e-017
9.711255e-001	2.286465e+002
9.740274e-001	1.475072e+002
9.769810e-001	9.883394e+001
9.800000e-001	9.883426e+001
9.800000e-001	9.883426e+001
9.900000e-001	9.883378e+001
9.900000e-001	9.883378e+001
1.000000e+000	9.877317e+001
1.000000e+000	9.877317e+001


