"(No Title)"
	"2014-11-"	"8 12:17:39"

" Result ID"	"Result Type"	"I Marker ID"	"J Marker ID"	"Result Title"
"req_internaldynamicmeasure0_element_force_y_component"	"Variable Request"	"     (N/A)"	"     (N/A)"	"(No Comment)"

".mbsmodel0.Last_Run.req_internaldynamicmeasure0_element_force_y_component.TIME"	".mbsmodel0.Last_Run.req_internaldynamicmeasure0_element_force_y_component.internaldynamicmeasure0_element_force_y_component"
0.000000e+000	0.000000e+000
1.000000e-002	0.000000e+000
2.000000e-002	0.000000e+000
3.000000e-002	0.000000e+000
4.000000e-002	0.000000e+000
5.000000e-002	0.000000e+000
6.000000e-002	0.000000e+000
7.000000e-002	0.000000e+000
8.000000e-002	0.000000e+000
9.000000e-002	0.000000e+000
1.000000e-001	0.000000e+000
1.100000e-001	0.000000e+000
1.200000e-001	0.000000e+000
1.300000e-001	0.000000e+000
1.400000e-001	1.779370e-015
1.500000e-001	-3.454211e-017
1.600000e-001	3.931754e-017
1.700000e-001	1.065480e-020
1.800000e-001	-1.629911e-018
1.900000e-001	3.439584e-017
2.000000e-001	1.080879e-016
2.100000e-001	2.194463e-016
2.200000e-001	3.684710e-016
2.300000e-001	5.551620e-016
2.400000e-001	7.795193e-016
2.500000e-001	1.041543e-015
2.600000e-001	1.341233e-015
2.700000e-001	1.678589e-015
2.800000e-001	2.053612e-015
2.900000e-001	3.633544e-017
3.000000e-001	-1.159422e-016
3.100000e-001	-2.682198e-016
3.200000e-001	-4.204974e-016
3.300000e-001	-5.727750e-016
3.400000e-001	-7.250526e-016
3.500000e-001	-8.773301e-016
3.600000e-001	-1.029608e-015
3.700000e-001	-1.077426e-015
3.800000e-001	-1.145444e-010
3.900000e-001	4.352449e-016
4.000000e-001	-2.072171e-016
4.100000e-001	3.235659e-016
4.200000e-001	2.027594e-015
4.300000e-001	-2.132801e-010
4.400000e-001	-4.564846e-016
4.500000e-001	-5.816002e-004
4.562500e-001	6.496563e+001
4.600000e-001	1.192151e+002
4.604688e-001	6.255894e+001
4.636182e-001	1.947594e+002
4.700000e-001	9.585835e+001
4.738184e-001	1.007317e+002
4.765933e-001	2.400768e+002
4.800000e-001	1.196130e+002
4.810646e-001	2.908185e+002
4.842584e-001	5.049029e+002
4.900000e-001	7.179453e+001
4.900000e-001	7.179453e+001
5.000000e-001	-4.236180e-004
5.087500e-001	5.286003e+001
5.100000e-001	1.265421e+002
5.131445e-001	7.017829e+001
5.200000e-001	-1.746040e-006
5.252344e-001	1.500700e+002
5.280957e-001	6.575053e+001
5.300000e-001	2.043929e+002
5.309764e-001	4.500029e+001
5.347121e-001	3.779518e+001
5.400000e-001	6.323156e+001
5.500000e-001	4.677049e-005
5.600000e-001	1.175820e+002
5.606509e-001	1.427116e+002
5.649021e-001	1.021337e+002
5.680053e-001	1.858444e+000
5.700000e-001	3.352606e+002
5.784974e-001	7.032570e+001
5.800000e-001	-1.387086e-017
5.811739e-001	1.780487e+002
5.848174e-001	6.870312e+000
5.900000e-001	5.773722e+001
5.900000e-001	5.773722e+001
5.971952e-001	1.366400e+002
6.000000e-001	9.587878e+001
6.000000e-001	9.587878e+001
6.100000e-001	9.891714e+001
6.100000e-001	9.891714e+001
6.200000e-001	-1.727340e-004
6.225000e-001	6.607516e+001
6.300000e-001	1.056544e+002
6.302825e-001	4.558856e+001
6.343041e-001	1.976438e+002
6.400000e-001	9.557287e+001
6.400000e-001	9.557287e+001
6.500000e-001	9.923012e+001
6.500000e-001	9.923012e+001
6.525222e-001	2.664981e+001
6.579666e-001	7.103332e+001
6.600000e-001	1.936777e+002
6.700000e-001	-2.644447e-004
6.800000e-001	1.109926e+002
6.802441e-001	1.225642e+002
6.900000e-001	1.437025e+002
6.900000e-001	1.437025e+002
7.000000e-001	-6.114447e+001
7.025000e-001	1.007744e+001
7.050000e-001	1.086711e+002
7.082048e-001	1.052495e+002
7.100000e-001	1.639553e+002
7.114025e-001	3.768254e+001
7.200000e-001	9.713548e+001
7.300000e-001	9.956869e+001
7.300000e-001	9.956869e+001
7.347120e-001	7.154002e+001
7.400000e-001	2.107773e+002
7.411296e-001	4.778443e+001
7.439536e-001	1.028684e+002
7.480821e-001	1.608306e+001
7.500000e-001	3.063111e+002
7.542857e-001	1.476944e+002
7.600000e-001	9.047092e+001
7.600000e-001	9.047092e+001
7.628571e-001	2.109759e+002
7.700000e-001	1.022061e+002
7.700000e-001	1.022061e+002
7.730585e-001	1.477902e+002
7.800000e-001	-4.229591e-006
7.900000e-001	-2.235124e-004
8.000000e-001	8.548706e+001
8.100000e-001	1.017967e+002
8.103254e-001	4.880447e+001
8.200000e-001	-7.394967e+001
8.225000e-001	7.022509e+000
8.250000e-001	1.062859e+002
8.300000e-001	9.978277e+001
8.300000e-001	9.978277e+001
8.333435e-001	3.884147e+001
8.400000e-001	9.719708e+001
8.500000e-001	9.930101e+001
8.500000e-001	9.930101e+001
8.530308e-001	6.879016e+001
8.600000e-001	-8.966884e-007
8.700000e-001	-2.145335e-006
8.800000e-001	1.152442e+002
8.806509e-001	1.575039e+002
8.858962e-001	7.021551e+001
8.900000e-001	-4.534989e-006
8.943228e-001	1.420140e+002
8.970383e-001	4.942537e+001
9.000000e-001	9.719564e+001
9.027721e-001	9.985092e+001
9.065512e-001	2.631225e+002
9.100000e-001	8.022120e+001
9.100000e-001	8.022120e+001
9.200000e-001	1.017545e+002
9.203255e-001	4.932222e+001
9.244680e-001	6.714957e+000
9.300000e-001	-7.310947e+001
9.325000e-001	7.459496e+000
9.350000e-001	1.065211e+002
9.400000e-001	9.972035e+001
9.400000e-001	9.972035e+001
9.433435e-001	2.662436e+001
9.500000e-001	9.000664e+001
9.600000e-001	1.010838e+002
9.606509e-001	1.223194e+002
9.646985e-001	3.012352e+001
9.672340e-001	1.022281e+002
9.700000e-001	-1.409431e-017
9.711255e-001	2.286465e+002
9.740274e-001	1.475062e+002
9.769810e-001	9.883378e+001
9.800000e-001	9.883360e+001
9.800000e-001	9.883360e+001
9.900000e-001	9.883362e+001
9.900000e-001	9.883362e+001
1.000000e+000	9.877266e+001
1.000000e+000	9.877266e+001


