"(No Title)"
	"2014-11-"	"8 12:17:39"

" Result ID"	"Result Type"	"I Marker ID"	"J Marker ID"	"Result Title"
"req_internaldynamicmeasure0_element_force_x_component"	"Variable Request"	"     (N/A)"	"     (N/A)"	"(No Comment)"

".mbsmodel0.Last_Run.req_internaldynamicmeasure0_element_force_x_component.TIME"	".mbsmodel0.Last_Run.req_internaldynamicmeasure0_element_force_x_component.internaldynamicmeasure0_element_force_x_component"
0.000000e+000	0.000000e+000
1.000000e-002	0.000000e+000
2.000000e-002	0.000000e+000
3.000000e-002	0.000000e+000
4.000000e-002	0.000000e+000
5.000000e-002	0.000000e+000
6.000000e-002	0.000000e+000
7.000000e-002	0.000000e+000
8.000000e-002	0.000000e+000
9.000000e-002	0.000000e+000
1.000000e-001	0.000000e+000
1.100000e-001	0.000000e+000
1.200000e-001	0.000000e+000
1.300000e-001	0.000000e+000
1.400000e-001	3.572758e-015
1.500000e-001	1.730655e-017
1.600000e-001	-1.989409e-017
1.700000e-001	-5.476884e-021
1.800000e-001	8.386694e-019
1.900000e-001	-1.736165e-017
2.000000e-001	-5.460645e-017
2.100000e-001	-1.108957e-016
2.200000e-001	-1.862294e-016
2.300000e-001	-2.806076e-016
2.400000e-001	-3.940303e-016
2.500000e-001	-5.264975e-016
2.600000e-001	-6.780091e-016
2.700000e-001	-8.485652e-016
2.800000e-001	-1.038166e-015
2.900000e-001	3.939779e-016
3.000000e-001	6.640209e-016
3.100000e-001	9.340638e-016
3.200000e-001	1.204107e-015
3.300000e-001	1.474150e-015
3.400000e-001	1.744193e-015
3.500000e-001	2.014236e-015
3.600000e-001	2.284279e-015
3.700000e-001	2.369078e-015
3.800000e-001	1.023303e-008
3.900000e-001	1.803902e-014
4.000000e-001	-2.317056e-018
4.100000e-001	1.303069e-014
4.200000e-001	-2.166639e-021
4.300000e-001	2.492806e-009
4.400000e-001	-6.966833e-015
4.500000e-001	3.251089e-003
4.562500e-001	1.821825e-001
4.600000e-001	2.562568e-002
4.604688e-001	8.241379e-005
4.636182e-001	-1.141756e-003
4.700000e-001	4.879017e-003
4.738184e-001	-1.760280e-003
4.765933e-001	-1.610219e-003
4.800000e-001	-3.452549e-003
4.810646e-001	-5.861869e-003
4.842584e-001	-1.798323e-002
4.900000e-001	6.055540e-001
4.900000e-001	6.055540e-001
5.000000e-001	7.940413e-004
5.087500e-001	3.549257e-003
5.100000e-001	-3.135727e-003
5.131445e-001	-2.859792e-003
5.200000e-001	8.410433e-006
5.252344e-001	-3.123856e-005
5.280957e-001	-2.643543e-003
5.300000e-001	-1.908600e-002
5.309764e-001	1.682407e-004
5.347121e-001	-1.065156e-003
5.400000e-001	2.761947e-003
5.500000e-001	-4.089361e-005
5.600000e-001	3.260764e-002
5.606509e-001	-4.455020e-004
5.649021e-001	-8.338149e-004
5.680053e-001	-3.999261e-006
5.700000e-001	1.862817e-001
5.784974e-001	7.771483e-004
5.800000e-001	-1.031404e-018
5.811739e-001	-9.703310e-003
5.848174e-001	7.099350e-004
5.900000e-001	-2.269898e-003
5.900000e-001	-2.269898e-003
5.971952e-001	-1.066065e-003
6.000000e-001	1.055976e-004
6.000000e-001	1.055976e-004
6.100000e-001	-6.430985e-004
6.100000e-001	-6.430985e-004
6.200000e-001	1.299460e-003
6.225000e-001	2.958745e-002
6.300000e-001	9.298060e-002
6.302825e-001	3.225044e-005
6.343041e-001	-1.148001e-002
6.400000e-001	5.389893e-004
6.400000e-001	5.389893e-004
6.500000e-001	-1.937392e-003
6.500000e-001	-1.937392e-003
6.525222e-001	6.633211e-007
6.579666e-001	-2.713635e-003
6.600000e-001	-2.022269e-002
6.700000e-001	4.236590e-003
6.800000e-001	9.096161e-003
6.802441e-001	-1.271530e-005
6.900000e-001	-1.564409e-003
6.900000e-001	-1.564409e-003
7.000000e-001	5.052597e-003
7.025000e-001	9.288615e-004
7.050000e-001	-6.915570e-005
7.082048e-001	-3.485332e-004
7.100000e-001	-7.822389e-003
7.114025e-001	5.320478e-004
7.200000e-001	1.097707e-002
7.300000e-001	-3.876986e-003
7.300000e-001	-3.876986e-003
7.347120e-001	-2.994385e-003
7.400000e-001	-1.068844e-003
7.411296e-001	5.408557e-004
7.439536e-001	-8.647632e-005
7.480821e-001	-2.510180e-004
7.500000e-001	7.737452e-002
7.542857e-001	-5.266696e-003
7.600000e-001	5.990713e-004
7.600000e-001	5.990713e-004
7.628571e-001	-1.026935e-003
7.700000e-001	-1.626436e-003
7.700000e-001	-1.626436e-003
7.730585e-001	-7.031648e-003
7.800000e-001	4.400550e-005
7.900000e-001	-3.242649e-003
8.000000e-001	2.756550e-002
8.100000e-001	1.646044e-002
8.103254e-001	2.063444e-004
8.200000e-001	4.752740e-004
8.225000e-001	6.726108e-004
8.250000e-001	-5.083267e-005
8.300000e-001	-6.644118e-004
8.300000e-001	-6.644118e-004
8.333435e-001	2.176511e-004
8.400000e-001	2.539693e-003
8.500000e-001	-2.539683e-003
8.500000e-001	-2.539683e-003
8.530308e-001	-2.788100e-003
8.600000e-001	3.862596e-006
8.700000e-001	4.475261e-006
8.800000e-001	2.241121e-002
8.806509e-001	-6.561348e-004
8.858962e-001	-2.743666e-003
8.900000e-001	2.230950e-005
8.943228e-001	-3.807049e-003
8.970383e-001	-5.559060e-005
9.000000e-001	6.274829e-004
9.027721e-001	-4.675162e-004
9.065512e-001	-1.222724e-002
9.100000e-001	1.158334e-002
9.100000e-001	1.158334e-002
9.200000e-001	2.654227e-002
9.203255e-001	2.127160e-004
9.244680e-001	-4.356701e-005
9.300000e-001	3.501738e-004
9.325000e-001	7.109581e-004
9.350000e-001	-5.286062e-005
9.400000e-001	-6.440547e-004
9.400000e-001	-6.440547e-004
9.433435e-001	3.600266e-004
9.500000e-001	2.902718e-002
9.600000e-001	3.072440e-004
9.606509e-001	-2.006461e-004
9.646985e-001	1.712310e-006
9.672340e-001	-1.908834e-005
9.700000e-001	-1.116500e-018
9.711255e-001	-1.491786e-002
9.740274e-001	-4.949039e-004
9.769810e-001	-3.248126e-009
9.800000e-001	2.176272e-009
9.800000e-001	2.176272e-009
9.900000e-001	-8.756524e-009
9.900000e-001	-8.756524e-009
1.000000e+000	-8.605926e-009
1.000000e+000	-8.605926e-009


